       0     264     0  2.905e+01  1.000e+02  2.148e+00     0     1     6     2    21     0   2.28964033158629582765420e-09  4.684e-01 -4.579e+02 -3.633e+01 -8.053e+01    0    0    0    0 NULL NULL
       0    4355     0  2.888e+01  1.000e+02  1.054e+00     0     0     2     4     1     0   1.84297065214966756290408e-09  5.176e-01  4.526e+02  6.963e+01 -1.994e+02    0    1    0    0 NULL NULL
       0    5387     0  2.445e+01  1.000e+02  3.985e-01     0     1    15    17     1     1   2.47766753572147444335724e-09  5.061e-01 -4.781e+02 -1.156e+02  1.633e+02    0    0    0    0 NULL NULL
       0    7960     0  3.451e+01  1.000e+02  2.162e+00     0     0    11    19    24     1   2.06714447776708638202357e-09  4.605e-01  4.690e+02  1.597e+02  7.810e+01    0    0    0    0 NULL NULL
       0    8097     0  3.067e+01  1.000e+02 -7.423e+00     0     1     4    15     6     0   2.04475623343725911752336e-09  4.783e-01 -4.536e+02  1.549e+02 -3.522e+01    0    1    0    0 NULL NULL
       0   10230     0  3.328e+01  1.000e+02  6.948e+00     0     0     9    22     9     1   2.26115395773907225077739e-09  4.943e-01  4.696e+02 -3.372e+01  8.669e+01    0    0    0    0 NULL NULL
       0   16128     0  2.666e+01  1.000e+02 -2.545e+00     0     1     9     3    12     1   2.24750788244914106269465e-09  5.180e-01 -4.740e+02  2.510e+01  1.018e+01    0    1    0    0 NULL NULL
       0   16544     0  2.916e+01  1.000e+02  3.296e+00     0     0     0     5    12     0   2.66569281723855127931591e-09  4.738e-01  4.603e+02 -1.507e+02 -1.707e+02    0    0    0    0 NULL NULL
       0   17453     0  3.297e+01  1.000e+02 -3.868e+00     0     0     0     3    12     0   1.89760909663618623320971e-09  4.821e-01  4.562e+02 -1.026e+02 -1.886e+02    0    0    0    0 NULL NULL
       0   21593     0  3.563e+01  1.000e+02  6.645e+00     0     1     5     4    19     1   1.95244333434648719728439e-09  4.628e-01 -4.669e+02  7.284e-01 -8.435e+01    0    0    0    0 NULL NULL
       0   21740     0  2.295e+01  1.000e+02  3.089e+00     0     0     5     5     7     0   2.71494045648477906141431e-09  4.783e-01  4.572e+02 -7.241e+01 -7.367e+01    0    0    0    0 NULL NULL
       0   24831     0  2.685e+01  1.000e+02  1.312e+00     0     0     5     1    21     0   1.73752078817512191947743e-09  4.827e-01  4.548e+02 -5.962e+01 -8.155e+01    0    1    0    0 NULL NULL
       0   25494     0  2.685e+01  1.000e+02  5.688e+00     0     0    10    13    23     0   2.09184372840440867083219e-09  4.852e-01  4.514e+02  5.863e+01  5.934e+01    0    0    0    0 NULL NULL
       0   29063     0  3.307e+01  1.000e+02 -1.243e+00     0     0    13    17     6     0   1.95204080239271180015437e-09  4.958e-01  4.630e+02 -4.350e+01  1.653e+02    0    0    0    0 NULL NULL
       0   30429     0  2.825e+01  1.000e+02  4.047e+00     0     0     7    16    10     0   2.02452445694963042546499e-09  5.031e-01  4.591e+02  9.886e+01 -2.814e+01    0    0    0    0 NULL NULL
       0   31012     0  3.177e+01  1.000e+02 -9.068e+00     0     1    10    19     2     0   3.01941595824750588893468e-09  5.008e-01 -4.568e+02 -7.343e+01  6.314e+01    0    0    0    0 NULL NULL
       0   34230     0  3.852e+01  1.000e+02 -2.578e+00     0     0     2    24    22     1   1.80622245676406302483258e-09  4.615e-01  4.720e+02  7.325e+01 -1.038e+02    0    1    0    0 NULL NULL
       0   34703     0  2.398e+01  1.000e+02  2.571e+00     0     1    11    17    22     1   3.02255654261119438190453e-09  4.989e-01 -4.668e+02 -1.213e+02  7.632e+01    0    2    0    0 NULL NULL
       0   36847     0  4.231e+01  1.000e+02 -1.870e+00     0     1     1     3     3     0   2.93774317966280223351335e-09  5.072e-01 -4.570e+02  2.156e+01 -1.966e+02    0    2    0    0 NULL NULL
       0   38090     0  2.807e+01  1.000e+02  4.991e-01     0     0     3    10     6     0   2.06222682807216538288283e-09  5.172e-01  4.636e+02  8.436e+01 -1.534e+02    0    1    0    0 NULL NULL
       0   39889     0  3.557e+01  1.000e+02 -2.310e+00     0     1     5    16    11     0   2.56755631652458568275715e-09  4.934e-01 -4.593e+02  6.010e+01 -3.018e+01    0    1    0    0 NULL NULL
       0   40911     0  1.974e+01  1.000e+02  9.962e+00     0     1     0     0    12     0   2.01773655597251972151662e-09  4.739e-01 -4.596e+02  1.516e+02 -1.909e+02    0    1    0    0 NULL NULL
       0   42134     0  3.244e+01  1.000e+02 -3.089e-02     0     0     1    19     4     1   2.77422198773383400559785e-09  5.113e-01  4.668e+02 -1.348e+00 -1.379e+02    0    0    0    0 NULL NULL
       0   44340     0  2.358e+01  1.000e+02 -4.396e+00     0     1     6    15    23     1   8.55673286119666399757939e-09  4.818e-01 -4.730e+02 -1.263e+01 -2.217e+01    0    0    0    0 NULL NULL
       0   45303     0  2.741e+01  1.000e+02 -1.854e+00     0     0    15    20     3     0   2.24502390880669271878170e-09  5.137e-01  4.520e+02  9.050e+01  1.826e+02    0    1    0    0 NULL NULL
       0   47058     0  3.148e+01  1.000e+02 -1.113e+00     0     0     1    10     8     0   2.41650734274000569282266e-09  5.005e-01  4.502e+02 -6.925e+01 -1.551e+02    0    1    0    0 NULL NULL
       0   49082     0  2.876e+01  1.000e+02 -6.239e-01     0     0     3    20    12     0   1.94424751890445500695459e-09  4.734e-01  4.574e+02  8.912e+01 -1.106e+02    0    0    0    0 NULL NULL
       0   54587     0  2.490e+01  1.000e+02 -1.141e+00     0     1    10     2     2     1   2.23784686373794456037004e-08  4.840e-01 -4.699e+02 -3.965e+01  3.322e+00    0    0    0    0 NULL NULL
       0   54976     0  3.387e+01  1.000e+02  3.197e+00     0     0    13    22    22     0   1.02565086036361943077835e-08  5.012e-01  4.561e+02 -3.923e+01  1.972e+02    0    0    0    0 NULL NULL
       0   55377     0  3.164e+01  1.000e+02  1.720e+00     0     0     3    17     2     0   1.85811519898680581387909e-09  4.850e-01  4.508e+02  1.206e+02 -1.364e+02    0    1    0    0 NULL NULL
       0   58413     0  2.486e+01  1.000e+02  7.635e+00     0     1    15     5     5     1   2.08405661674690273250579e-09  4.876e-01 -4.658e+02 -8.215e+01  1.242e+02    0    2    0    0 NULL NULL
       0   60169     0  1.891e+01  1.000e+02 -3.210e+00     0     0     2     0    19     0   1.78088626095371973123890e-09  5.129e-01  4.538e+02  1.304e+01 -1.845e+02    0    1    0    0 NULL NULL
       0   61563     0  3.047e+01  1.000e+02 -6.132e+00     0     0    12    17    18     1   2.63963853056139513919872e-09  4.988e-01  4.668e+02 -1.166e+02  1.723e+02    0    1    0    0 NULL NULL
       0   68689     0  3.003e+01  1.000e+02  3.759e+00     0     1     7     2     5     0   2.36866564020096421847402e-09  4.803e-01 -4.544e+02 -1.142e+02 -9.416e+01    0    1    0    0 NULL NULL
       0   71123     0  3.554e+01  1.000e+02  2.622e+00     0     0    12    12    12     0   2.62146471393318162423487e-09  5.138e-01  4.575e+02 -1.193e+02  1.495e+02    0    1    0    0 NULL NULL
       0   72346     0  3.523e+01  1.000e+02  9.049e+00     0     0    14     6     0     0   4.02110387515664254648917e-08  4.830e-01  4.596e+02  1.847e+01  1.202e+02    0    0    0    0 NULL NULL
       0   72371     0  2.584e+01  1.000e+02 -7.612e+00     0     0     1    23     9     0   2.50122618249401571900767e-09  4.807e-01  4.553e+02 -1.795e+01 -1.137e+02    0    0    0    0 NULL NULL
       0   73077     0  3.498e+01  1.000e+02 -3.967e-02     0     0     2     7    19     1   2.35653847563264359527965e-09  4.814e-01  4.702e+02  4.718e+01 -1.643e+02    0    1    0    0 NULL NULL
       0   78406     0  2.526e+01  1.000e+02 -7.191e+00     0     1    13    16     5     0   2.01237261148143787191615e-09  4.671e-01 -4.519e+02  6.145e+01  1.664e+02    0    1    0    0 NULL NULL
       0   78690     0  3.459e+01  1.000e+02 -4.862e-01     0     0     1    10     5     0   1.97535138972849450374463e-09  5.195e-01  4.510e+02 -7.716e+01 -1.526e+02    0    0    0    0 NULL NULL
       0   80446     0  3.050e+01  1.000e+02 -9.627e+00     0     0     8     1    14     0   2.11870951076234572665539e-08  4.911e-01  4.525e+02 -1.310e+02  1.041e+01    0    0    0    0 NULL NULL
       0   82419     0  2.760e+01  1.000e+02  6.154e+00     0     0     3     6     0     0   2.25185323044027551488257e-09  5.122e-01  4.561e+02  9.800e+01 -1.776e+02    0    0    0    0 NULL NULL
       0   82883     0  2.845e+01  1.000e+02 -3.759e+00     0     1    13    21     1     0   2.13139232376610578044786e-09  4.751e-01 -4.503e+02  6.027e+01  1.823e+02    0    0    0    0 NULL NULL
       0   83396     0  2.353e+01  1.000e+02  6.559e+00     0     1     3    21     3     0   2.69174068621524216409220e-09  4.764e-01 -4.535e+02 -1.078e+02 -1.184e+02    0    0    0    0 NULL NULL
       0   85463     0  3.339e+01  1.000e+02  3.147e+00     0     1     4    11    23     0   2.44201624109524628584060e-09  4.665e-01 -4.567e+02  1.315e+02 -4.190e+01    0    1    0    0 NULL NULL
       0   85828     0  3.340e+01  1.000e+02  9.735e-01     0     1     0     5     2     0   2.86898083232752362846069e-09  4.612e-01 -4.519e+02  1.510e+02 -1.777e+02    0    0    0    0 NULL NULL
       0   88613     0  2.991e+01  1.000e+02  5.931e-01     0     0     1     2    16     0   2.57014794512634161022433e-09  4.699e-01  4.532e+02 -4.230e+01 -1.857e+02    0    0    0    0 NULL NULL
       0   89295     0  3.663e+01  1.000e+02 -3.656e+00     0     0    14    15     6     1   2.67400276249605013103374e-09  4.865e-01  4.672e+02  3.529e+00  1.662e+02    0    0    0    0 NULL NULL
       0   89927     0  2.801e+01  1.000e+02  6.425e+00     0     0     4     2    24     0   2.46930188514742898400405e-09  4.662e-01  4.542e+02 -1.124e+02 -8.116e+01    0    2    0    0 NULL NULL
       0   90905     0  3.400e+01  1.000e+02 -7.245e-01     0     0     2    24     8     0   2.64063285453784282847994e-09  4.668e-01  4.540e+02  7.416e+01 -1.140e+02    0    1    0    0 NULL NULL
       0   92146     0  1.968e+01  1.000e+02  2.239e+00     0     1     4     8    18     1   2.83539332411575845517725e-08  4.976e-01 -4.797e+02  1.006e+02 -6.789e+01    0    0    0    0 NULL NULL
       0   99065     0  3.407e+01  1.000e+02  6.673e+00     0     0     9    23     9     0   2.52721647118095219208334e-09  4.888e-01  4.511e+02 -1.902e+01  8.519e+01    0    0    0    0 NULL NULL
       0   99203     0  1.881e+01  1.000e+02 -3.018e+00     0     0    10    11    19     0   2.14556082510867709475361e-09  5.044e-01  4.548e+02  3.123e+01  5.496e+01    0    1    0    0 NULL NULL
       0   99475     0  3.598e+01  1.000e+02 -3.822e+00     0     1     6    16    21     0   2.45159959834539927396403e-09  4.831e-01 -4.562e+02 -2.054e+01 -2.280e+01    0    0    0    0 NULL NULL
       0  100657     0  3.018e+01  1.000e+02  1.612e+00     0     0     9    16     1     0   2.04489887988744286145252e-09  4.635e-01  4.571e+02 -5.927e+01  6.168e+01    0    1    0    0 NULL NULL
       0  103434     0  3.384e+01  1.000e+02 -7.218e+00     0     0     0     2     9     0   2.09060222142997128097865e-09  5.004e-01  4.649e+02 -1.146e+02 -1.936e+02    0    0    0    0 NULL NULL
       0  104646     0  3.516e+01  1.000e+02 -8.475e+00     0     0     2    19     9     1   2.38293684906262184072330e-09  5.134e-01  4.650e+02  7.743e+01 -1.336e+02    0    1    0    0 NULL NULL
       0  105933     0  2.602e+01  1.000e+02  2.703e-01     0     1     0    10    10     0   2.51798345439927477262256e-09  4.796e-01 -4.543e+02  1.592e+02 -1.495e+02    0    0    0    0 NULL NULL
       0  105940     0  2.272e+01  1.000e+02 -6.400e+00     0     0     1     3     6     0   2.19292085803844790151501e-09  4.837e-01  4.513e+02 -2.740e+01 -1.945e+02    0    1    0    0 NULL NULL
       0  106154     0  3.103e+01  1.000e+02  9.023e+00     0     0     7    18    14     1   1.96463568873851852777109e-09  4.715e-01  4.729e+02  1.418e+02 -3.007e+01    0    0    0    0 NULL NULL
       0  109245     0  3.856e+01  1.000e+02  3.196e+00     0     0     6    11    21     1   2.30941152149012486471644e-09  4.971e-01  4.699e+02  2.105e+01 -4.167e+01    0    0    0    0 NULL NULL
       0  109328     0  2.746e+01  1.000e+02  1.439e-01     0     1     1     3    22     1   8.56789205360934833183382e-06  4.682e-01 -4.769e+02  2.467e+01 -1.810e+02    0    0    0    0 NULL NULL
       0  110623     0  3.056e+01  1.000e+02  2.074e-01     0     1     6    10     3     0   2.37363826682624946982755e-09  4.737e-01 -4.605e+02 -1.084e+01 -5.809e+01    0    0    0    0 NULL NULL
       0  113820     0  3.627e+01  1.000e+02  2.983e+00     0     0    12     3     0     0   2.24061643770953060276852e-09  5.078e-01  4.556e+02 -1.107e+02  1.005e+02    0    1    0    0 NULL NULL
       0  116738     0  2.180e+01  1.000e+02 -5.394e-01     0     0     6    10    17     0   2.34307448742893732631618e-08  4.630e-01  4.508e+02  8.858e+00 -4.488e+01    0    0    0    0 NULL NULL
       0  118880     0  2.437e+01  1.000e+02  4.125e-02     0     0    13     1    24     1   2.32173109819223765890010e-09  4.655e-01  4.659e+02 -4.924e+01  1.196e+02    0    1    0    0 NULL NULL
       0  119626     0  2.898e+01  1.000e+02 -4.862e+00     0     1    12     2    16     1   2.77886913815848278693863e-09  4.772e-01 -4.687e+02  1.221e+02  1.140e+02    0    1    0    0 NULL NULL
       0  119946     0  3.347e+01  1.000e+02 -3.985e+00     0     0     9     7    17     1   2.56094536359316664135794e-09  4.764e-01  4.695e+02 -3.927e+01  3.544e+01    0    2    0    0 NULL NULL
       0  120215     0  2.274e+01  1.000e+02  2.603e+00     0     1     5    10    24     1   1.91864699733601692518313e-09  5.172e-01 -4.684e+02  6.594e+01 -4.208e+01    0    0    0    0 NULL NULL
       0  120750     0  2.973e+01  1.000e+02 -4.573e+00     0     1    14     5     3     0   2.75352425953677531377753e-09  4.963e-01 -4.560e+02 -1.163e+01  1.205e+02    0    1    0    0 NULL NULL
       0  120917     0  2.292e+01  1.000e+02 -1.900e+00     0     1     2    18     3     0   2.21217358814467306303088e-09  4.756e-01 -4.504e+02 -6.028e+01 -1.370e+02    0    1    0    0 NULL NULL
       0  124354     0  3.308e+01  1.000e+02 -4.436e+00     0     1     2    17    22     0   2.70319142838946364110714e-09  4.752e-01 -4.636e+02 -3.950e+01 -1.228e+02    0    0    0    0 NULL NULL
       0  126108     0  2.108e+01  1.000e+02  9.182e+00     0     1    12     6    15     0   2.23483832151979762361461e-09  4.919e-01 -4.532e+02  1.417e+02  1.350e+02    0    0    0    0 NULL NULL
       0  127761     0  2.786e+01  1.000e+02  3.828e-01     0     1     7     1     5     0   2.20801112054014783783880e-09  4.759e-01 -4.521e+02 -9.732e+01 -9.256e+01    0    1    0    0 NULL NULL
       0  129088     0  3.258e+01  1.000e+02  6.536e-01     0     0     6    12    16     0   1.56391381366180958651314e-08  4.804e-01  4.595e+02  3.805e+01 -4.556e+01    0    0    0    0 NULL NULL
       0  132146     0  2.267e+01  1.000e+02 -5.425e+00     0     1     6    10    20     0   2.17588193325467927913085e-09  5.069e-01 -4.635e+02 -1.919e+00 -4.286e+01    0    0    0    0 NULL NULL
       0  134352     0  3.328e+01  1.000e+02 -5.601e+00     0     0     9    19     8     0   2.37131373971649032436509e-09  4.832e-01  4.561e+02 -4.067e+00  6.626e+01    0    2    0    0 NULL NULL
       0  134802     0  3.138e+01  1.000e+02 -1.382e+00     0     0    12     0    12     0   2.10334918975421578235187e-09  4.726e-01  4.524e+02 -1.517e+02  1.098e+02    0    1    0    0 NULL NULL
       0  137179     0  2.564e+01  1.000e+02 -1.005e+00     0     1     9     0    13     0   2.65891383142568566994597e-09  5.011e-01 -4.577e+02  6.751e+01  9.424e+00    0    0    0    0 NULL NULL
       0  138325     0  2.283e+01  1.000e+02  1.013e+01     0     0     4     9    21     1   2.37573122033123794233740e-09  4.642e-01  4.796e+02 -9.008e+01 -6.086e+01    0    0    0    0 NULL NULL
       0  138877     0  2.508e+01  1.000e+02 -1.458e+00     0     1     8     2    16     0   2.66173688213117967732867e-09  4.933e-01 -4.533e+02  1.235e+02  1.213e+01    0    2    0    0 NULL NULL
       0  139221     0  1.714e+01  1.000e+02  7.858e-01     0     0    15     3    17     0   1.69727638204513826175079e-09  4.926e-01  4.513e+02  1.349e+02  1.157e+02    0    1    0    0 NULL NULL
       0  141276     0  2.235e+01  1.000e+02 -6.216e+00     0     0    11    18     8     1   1.78423989636226791101483e-09  4.778e-01  4.671e+02  1.383e+02  6.780e+01    0    2    0    0 NULL NULL
       0  144101     0  3.515e+01  1.000e+02  1.623e-01     0     0     5    23     4     1   2.53103796707683618687407e-09  4.980e-01  4.740e+02 -1.766e+01 -1.840e+01    0    0    0    0 NULL NULL
       0  146428     0  3.116e+01  1.000e+02 -8.967e+00     0     0     2    23    23     0   2.40592392004971395735738e-09  4.892e-01  4.635e+02  6.002e+01 -1.009e+02    0    0    0    0 NULL NULL
       0  147222     0  2.893e+01  1.000e+02 -7.857e+00     0     0     9    19    24     0   2.08565171058813171926862e-09  5.110e-01  4.545e+02 -1.573e+00  7.622e+01    0    1    0    0 NULL NULL
       0  148899     0  3.538e+01  1.000e+02  1.430e-02     0     0    11    16     5     0   2.58599510047666949993382e-09  4.964e-01  4.601e+02  9.873e+01  6.675e+01    0    1    0    0 NULL NULL
       0  153712     0  2.841e+01  1.000e+02  9.689e-01     0     1     9     4    12     0   2.32526252334484785646005e-09  4.627e-01 -4.506e+02  8.774e+00  1.056e+01    0    0    0    0 NULL NULL
       0  153981     0  2.599e+01  1.000e+02 -6.180e+00     0     1     5     0    20     0   2.13401240567312030936812e-09  4.621e-01 -4.632e+02  7.918e+01 -8.271e+01    0    1    0    0 NULL NULL
       0  155036     0  3.628e+01  1.000e+02  1.151e+01     0     1     1    12    15     0   2.68796738410222159799214e-09  4.825e-01 -4.534e+02  4.619e+01 -1.443e+02    0    0    0    0 NULL NULL
       0  156580     0  3.137e+01  1.000e+02 -4.699e+00     0     0     3     3    18     0   2.46709717367699886987273e-09  4.848e-01  4.582e+02  1.384e+02 -1.871e+02    0    1    0    0 NULL NULL
       0  158358     0  2.993e+01  1.000e+02 -2.095e-01     0     1     4     7     0     1   2.87831213545637524980156e-09  5.009e-01 -4.774e+02  1.257e+02 -7.684e+01    0    0    0    0 NULL NULL
       0  158684     0  2.489e+01  1.000e+02 -6.539e+00     0     0     9    21     5     0   2.20981295706733142899539e-09  4.755e-01  4.646e+02 -6.323e+01  8.549e+01    0    1    0    0 NULL NULL
       0  158771     0  3.009e+01  1.000e+02  1.005e+00     0     1     4     3    18     1   2.48935016795134620308526e-09  4.723e-01 -4.773e+02  1.021e+02 -8.438e+01    0    2    0    0 NULL NULL
       0  161870     0  3.834e+01  1.000e+02  2.266e+00     0     1     8     2     2     0   2.68897190725238114534584e-09  5.001e-01 -4.547e+02  1.209e+02  1.699e+00    0    0    0    0 NULL NULL
       0  165902     0  3.651e+01  1.000e+02 -2.840e+00     0     0     3     7    21     0   2.16351844846660764514401e-09  4.844e-01  4.542e+02  1.171e+02 -1.616e+02    0    1    0    0 NULL NULL
       0  166186     0  3.401e+01  1.000e+02  5.469e+00     0     0     9    14    17     0   2.06484154346765105050623e-09  4.754e-01  4.602e+02 -9.295e+00  5.226e+01    0    1    0    0 NULL NULL
       0  167313     0  2.822e+01  1.000e+02  5.744e-01     0     0    15    23     3     0   2.23125935606865337650969e-09  4.899e-01  4.583e+02  1.405e+02  1.820e+02    0    1    0    0 NULL NULL
       0  167357     0  3.169e+01  1.000e+02  1.311e+00     0     0     4     7     6     0   2.38584314972168626825247e-09  4.830e-01  4.546e+02 -1.222e+02 -7.365e+01    0    0    0    0 NULL NULL
       0  168249     0  3.198e+01  1.000e+02 -4.234e+00     0     0     8    16     6     0   2.44713325235826525821515e-09  5.192e-01  4.643e+02 -1.387e+02  6.752e+01    0    1    0    0 NULL NULL
       0  168407     0  2.898e+01  1.000e+02  5.956e+00     0     0    10    22     1     0   2.19827940756159277789139e-09  4.969e-01  4.575e+02  3.641e+01  8.025e+01    0    0    0    0 NULL NULL
       0  169191     0  2.775e+01  1.000e+02  6.386e+00     0     1     6    24     7     0   2.20892408168522109683325e-09  4.627e-01 -4.546e+02 -7.176e+01 -1.383e+01    0    1    0    0 NULL NULL
       0  170392     0  2.213e+01  1.000e+02  1.113e+00     0     0     1    11    14     0   2.58399657423745353736452e-09  4.711e-01  4.548e+02 -5.019e+01 -1.504e+02    0    0    0    0 NULL NULL
       0  171295     0  3.518e+01  1.000e+02 -5.179e+00     0     1    12    13    16     0   2.84282530655182956928825e-09  4.921e-01 -4.615e+02  1.064e+02  1.557e+02    0    1    0    0 NULL NULL
       0  171960     0  2.651e+01  1.000e+02  7.583e-01     0     0     1     0    15     1   2.17653243538951736584205e-08  5.035e-01  4.692e+02 -7.752e+01 -1.845e+02    0    0    0    0 NULL NULL
       0  172004     0  3.250e+01  1.000e+02 -1.362e+00     0     0     3     0     1     0   2.59023114389656059593895e-09  4.908e-01  4.509e+02  8.387e+01 -1.983e+02    0    1    0    0 NULL NULL
       0  172185     0  3.164e+01  1.000e+02  2.058e+00     0     1     3    24    19     0   2.29321638955234423946633e-09  5.000e-01 -4.635e+02 -1.584e+02 -1.059e+02    0    1    0    0 NULL NULL
       0  172355     0  2.771e+01  1.000e+02 -1.005e+01     0     1     6    18    23     0   2.39914874766265305913427e-09  5.005e-01 -4.515e+02 -5.890e+01 -2.196e+01    0    1    0    0 NULL NULL
       0  174385     0  1.800e+01  1.000e+02 -5.158e+00     0     1     5     0     7     0   1.91682465407957603129545e-09  5.145e-01 -4.501e+02  7.231e+01 -9.435e+01    0    0    0    0 NULL NULL
       0  175529     0  3.594e+01  1.000e+02  2.278e+00     0     0    10    15     2     0   2.11219388850762522550371e-09  4.947e-01  4.567e+02  7.525e+00  6.079e+01    0    2    0    0 NULL NULL
       0  176965     0  2.750e+01  1.000e+02  6.627e-01     0     1     5     9     7     0   1.97092413494814194677096e-09  4.713e-01 -4.522e+02  8.834e+00 -7.579e+01    0    1    0    0 NULL NULL
       0  177023     0  2.169e+01  1.000e+02  5.085e+00     0     0     8     3    17     1   2.59073787125683095391759e-09  5.208e-01  4.774e+02 -1.035e+02  1.349e+01    0    1    0    0 NULL NULL
       0  177823     0  2.715e+01  1.000e+02 -7.779e-01     0     1     5    14    21     0   1.90820025721840088414204e-09  4.776e-01 -4.583e+02  1.257e+01 -4.310e+01    0    0    0    0 NULL NULL
       0  178529     0  2.590e+01  1.000e+02  6.045e+00     0     0     9     7    22     0   2.11408403984099562963592e-09  4.923e-01  4.539e+02 -4.121e+01  3.658e+01    0    1    0    0 NULL NULL
       0  178594     0  2.825e+01  1.000e+02 -3.475e+00     0     0    14    15     0     0   2.03968961374185751925701e-09  4.616e-01  4.557e+02  9.510e-01  1.602e+02    0    1    0    0 NULL NULL
       0  178957     0  3.043e+01  1.000e+02  1.982e+00     0     1    14    15    19     0   2.96854837947027381623887e-09  4.856e-01 -4.590e+02 -1.293e+01  1.736e+02    0    1    0    0 NULL NULL
       0  178976     0  3.157e+01  1.000e+02  5.913e+00     0     0    10    14    23     0   2.12498050042742902884066e-09  4.921e-01  4.557e+02  7.427e+01  5.755e+01    0    1    0    0 NULL NULL
       0  180146     0  2.979e+01  1.000e+02  2.245e+00     0     1    10    11     0     1   2.76058167682938820769892e-09  4.995e-01 -4.758e+02 -1.749e+01  4.048e+01    0    1    0    0 NULL NULL
       0  180799     0  3.371e+01  1.000e+02 -1.541e+00     0     1    12    23     4     1   2.63002218193938220195764e-09  5.020e-01 -4.662e+02  9.746e+01  1.833e+02    0    0    0    0 NULL NULL
       0  180877     0  2.513e+01  1.000e+02 -3.641e+00     0     1     5    15    15     0   2.77099503187009285839959e-09  4.600e-01 -4.547e+02  7.832e+01 -2.505e+01    0    0    0    0 NULL NULL
       0  180919     0  2.476e+01  1.000e+02  7.481e+00     0     1    12    24    13     0   2.55553566646747679593308e-09  5.148e-01 -4.571e+02  8.363e+01  1.903e+02    0    0    0    0 NULL NULL
       0  182203     0  2.604e+01  1.000e+02  1.074e+00     0     0    12     7     4     0   2.51891584717227164431848e-09  4.979e-01  4.504e+02 -1.126e+02  1.221e+02    0    0    0    0 NULL NULL
       0  182641     0  3.596e+01  1.000e+02 -2.146e+00     0     0     8     6    12     0   1.88057437049508297968531e-09  4.998e-01  4.569e+02 -1.350e+02  2.843e+01    0    0    0    0 NULL NULL
       0  185002     0  3.525e+01  1.000e+02 -3.614e+00     0     0     9     7    15     0   2.16340457682085490341656e-09  5.179e-01  4.620e+02 -4.677e+01  3.573e+01    0    0    0    0 NULL NULL
       0  186412     0  3.245e+01  1.000e+02  1.160e+00     0     0    14    18     5     0   1.83487340711080989171692e-09  4.938e-01  4.550e+02  4.987e+01  1.646e+02    0    0    0    0 NULL NULL
       0  187209     0  2.852e+01  1.000e+02 -6.406e-01     0     1    14     0     7     0   2.02533263547213154006952e-08  4.935e-01 -4.591e+02 -7.227e+00  1.078e+02    0    0    0    0 NULL NULL
       0  187558     0  1.986e+01  1.000e+02  5.639e+00     0     1     6     8    16     0   2.19790746168942227772975e-09  4.971e-01 -4.627e+02 -5.355e+01 -6.516e+01    0    0    0    0 NULL NULL
       0  188115     0  4.365e+01  1.000e+02  3.430e+00     0     1    10     2     6     0   2.81757636134319037680839e-09  4.772e-01 -4.539e+02 -3.552e+01  5.577e+00    0    0    0    0 NULL NULL
       0  188460     0  3.501e+01  1.000e+02  5.202e+00     0     0    13    22    14     1   1.97433372281583878832778e-09  5.201e-01  4.694e+02 -3.447e+01  1.895e+02    0    4    0    0 NULL NULL
       0  189639     0  3.557e+01  1.000e+02  2.183e+00     0     1     3    24     3     0   2.44677130908754581706950e-09  5.015e-01 -4.516e+02 -1.563e+02 -1.180e+02    0    0    0    0 NULL NULL
       0  190381     0  2.791e+01  1.000e+02 -6.347e+00     0     0     3    23    15     0   2.11695054096059506535826e-09  4.717e-01  4.628e+02  1.293e+02 -1.057e+02    0    1    0    0 NULL NULL
       0  190988     0  3.013e+01  1.000e+02 -8.583e-01     0     0     5     8     3     0   2.49013697114037579217477e-09  5.001e-01  4.582e+02 -2.025e+01 -7.927e+01    0    1    0    0 NULL NULL
       0  191727     0  2.522e+01  1.000e+02  4.177e+00     0     1     6     9     7     0   2.02612377303523221181762e-09  4.704e-01 -4.597e+02 -7.293e+01 -7.384e+01    0    0    0    0 NULL NULL
       0  193681     0  2.846e+01  1.000e+02 -1.898e+00     0     0     1    20     3     1   2.34362854663347960191495e-09  4.774e-01  4.683e+02 -6.929e+01 -1.162e+02    0    2    0    0 NULL NULL
       0  196135     0  2.601e+01  1.000e+02  8.391e+00     0     0     8    12    12     0   2.40556742713207043976762e-09  4.797e-01  4.549e+02 -1.185e+02  4.969e+01    0    0    0    0 NULL NULL
       0  197941     0  3.312e+01  1.000e+02 -3.952e+00     0     0     2    16    20     0   2.03094503074001551445288e-09  4.936e-01  4.602e+02  1.673e+01 -1.223e+02    0    1    0    0 NULL NULL
       0  199769     0  2.381e+01  1.000e+02 -2.727e+00     0     0     5    23    22     0   2.13099918008518786763103e-09  4.948e-01  4.554e+02 -2.549e+01 -2.655e+00    0    0    0    0 NULL NULL
       0  199965     0  2.540e+01  1.000e+02 -1.313e+00     0     0    11    19     1     0   2.07647121872411280558023e-09  4.913e-01  4.505e+02  1.477e+02  6.299e+01    0    1    0    0 NULL NULL
       0  204804     0  3.388e+01  1.000e+02 -2.624e+00     0     0     3    11    10     0   1.94936394940570298513477e-09  4.961e-01  4.581e+02  9.826e+01 -1.490e+02    0    0    0    0 NULL NULL
       0  205008     0  3.247e+01  1.000e+02 -1.068e+01     0     0    11     0    23     0   2.29929070882965553507006e-09  5.177e-01  4.581e+02  9.051e+01  1.919e+01    0    0    0    0 NULL NULL
       0  205311     0  2.442e+01  1.000e+02  4.006e+00     0     1    13     3     8     0   2.28899402628023571950862e-09  5.007e-01 -4.528e+02  1.982e+01  1.066e+02    0    0    0    0 NULL NULL
       0  205695     0  3.141e+01  1.000e+02  2.601e+00     0     1    15    24    13     0   2.20060216932389191103200e-09  4.860e-01 -4.504e+02 -1.541e+02  1.887e+02    0    0    0    0 NULL NULL
       0  208406     0  3.030e+01  1.000e+02  2.109e+00     0     1     6     1    14     0   2.43590642756922982282807e-09  5.101e-01 -4.617e+02 -2.895e+01 -8.826e+01    0    0    0    0 NULL NULL
       0  215921     0  3.121e+01  1.000e+02  6.068e+00     0     1    11    15     1     1   2.99887660462156648459816e-09  5.198e-01 -4.662e+02 -8.431e+01  6.038e+01    0    1    0    0 NULL NULL
       0  220024     0  2.700e+01  1.000e+02 -6.175e+00     0     1     8    10     4     1   2.12375093902045259657772e-09  5.154e-01 -4.747e+02  1.455e+02  4.367e+01    0    1    0    0 NULL NULL
       0  221097     0  2.941e+01  1.000e+02 -1.789e+00     0     1     8    15    20     0   2.12619724847875396389806e-09  4.632e-01 -4.567e+02  1.585e+02  7.633e+01    0    0    0    0 NULL NULL
       0  221975     0  3.362e+01  1.000e+02  2.200e-01     0     1    11     7    11     0   2.12318141158436228356077e-09  4.856e-01 -4.551e+02 -1.161e+02  3.181e+01    0    0    0    0 NULL NULL
       0  222263     0  2.472e+01  1.000e+02  9.414e-01     0     1     1    18    17     1   2.03105793502151312529565e-09  4.725e-01 -4.704e+02  2.507e+01 -1.254e+02    0    0    0    0 NULL NULL
       0  223249     0  2.944e+01  1.000e+02 -3.257e+00     0     0     7    11    14     0   1.72905501881509269078164e-09  5.070e-01  4.580e+02  1.090e+02 -5.057e+01    0    0    0    0 NULL NULL
       0  224656     0  2.697e+01  1.000e+02  1.237e+00     0     0     5    14    17     1   2.26499705856974109937457e-09  4.969e-01  4.774e+02 -8.759e+00 -4.542e+01    0    3    0    0 NULL NULL
       0  225466     0  2.931e+01  1.000e+02  7.104e-01     0     0    10    10    13     1   2.04112030640142272501211e-09  4.769e-01  4.770e+02  1.162e+01  4.889e+01    0    0    0    0 NULL NULL
       0  225625     0  3.533e+01  1.000e+02 -5.087e+00     0     1     2    16    17     0   2.24248687444687385162818e-09  5.142e-01 -4.512e+02 -2.322e+01 -1.242e+02    0    0    0    0 NULL NULL
       0  225958     0  2.689e+01  1.000e+02  2.234e+00     0     1    11     2    24     0   2.22609822927618239785902e-09  4.997e-01 -4.506e+02 -1.261e+02  1.837e+01    0    1    0    0 NULL NULL
       0  227066     0  3.767e+01  1.000e+02 -4.656e+00     0     1     7    16    22     0   2.21166982238191878863896e-09  4.993e-01 -4.586e+02 -1.031e+02 -2.075e+01    0    1    0    0 NULL NULL
       0  227426     0  2.402e+01  1.000e+02 -1.022e+00     0     1     6    14     8     0   2.99558119133271187469430e-09  4.945e-01 -4.533e+02 -7.602e+01 -5.464e+01    0    0    0    0 NULL NULL
       0  231006     0  1.720e+01  1.000e+02  7.601e-01     0     1     5    14     4     0   2.05249434942884083768705e-09  4.704e-01 -4.609e+02  1.204e+00 -5.799e+01    0    0    0    0 NULL NULL
       0  233473     0  2.966e+01  1.000e+02 -2.376e+00     0     1    11    18     8     0   2.65358928729547681729215e-09  4.819e-01 -4.565e+02 -1.405e+02  6.610e+01    0    2    0    0 NULL NULL
       0  233552     0  3.335e+01  1.000e+02 -1.249e+00     0     0     4    12    17     0   2.29986921542183870108339e-09  4.787e-01  4.630e+02 -1.198e+02 -4.458e+01    0    0    0    0 NULL NULL
       0  233822     0  3.672e+01  1.000e+02 -2.024e+00     0     1    13    12     5     0   2.24096563467743105701121e-09  4.677e-01 -4.521e+02  4.760e+01  1.466e+02    0    1    0    0 NULL NULL
       0  234220     0  3.018e+01  1.000e+02 -3.503e-01     0     0     7    23     1     0   2.36891857885172938715625e-09  4.774e-01  4.582e+02  1.318e+02 -1.852e+01    0    0    0    0 NULL NULL
       0  234293     0  2.680e+01  1.000e+02  4.611e-01     0     1    12    14    14     1   2.39394473158045086415390e-09  4.653e-01 -4.761e+02  8.121e+01  1.506e+02    0    0    0    0 NULL NULL
       0  240000     0  2.471e+01  1.000e+02 -4.355e+00     0     1     5    22    15     0   1.82477190898939573194014e-09  5.187e-01 -4.606e+02  4.737e+01 -4.944e+00    0    0    0    0 NULL NULL
       0  240306     0  3.287e+01  1.000e+02  3.951e+00     0     1     3    13    16     0   2.52635391143088671216601e-09  5.042e-01 -4.576e+02 -1.325e+02 -1.442e+02    0    1    0    0 NULL NULL
       0  240472     0  3.059e+01  1.000e+02 -4.684e-01     0     0     5    15     5     0   1.95714590051666646585688e-09  4.701e-01  4.604e+02 -7.879e+01 -3.406e+01    0    0    0    0 NULL NULL
       0  241546     0  3.775e+01  1.000e+02  3.776e+00     0     1    15     5     9     0   2.14947810864005299570624e-09  4.812e-01 -4.577e+02 -9.429e+01  1.258e+02    0    1    0    0 NULL NULL
       0  242123     0  3.084e+01  1.000e+02 -4.439e+00     0     0     7     4     3     1   2.63383278336732216821392e-09  4.969e-01  4.741e+02  1.567e+02 -9.744e+01    0    1    0    0 NULL NULL
       0  243932     0  2.546e+01  1.000e+02  6.981e+00     0     1    13    16    22     1   2.70161759668106112818510e-09  5.153e-01 -4.781e+02  5.526e+01  1.788e+02    0    0    0    0 NULL NULL
       0  244226     0  3.119e+01  1.000e+02 -1.909e+00     0     0    15    21     1     0   2.26611726030462272599668e-09  4.705e-01  4.620e+02  9.981e+01  1.818e+02    0    1    0    0 NULL NULL
       0  245651     0  2.618e+01  1.000e+02 -4.829e-01     0     0     1     8    13     0   1.84958821990715037317952e-09  5.195e-01  4.537e+02 -2.003e+01 -1.689e+02    0    0    0    0 NULL NULL
       0  246528     0  2.447e+01  1.000e+02  4.095e+00     0     1     1    12    18     1   2.61711995766845328688540e-09  5.167e-01 -4.703e+02  3.774e+01 -1.444e+02    0    0    0    0 NULL NULL
       0  248014     0  2.523e+01  1.000e+02 -4.644e+00     0     0     5    21     5     0   1.73478647790596725504563e-09  5.146e-01  4.561e+02 -6.306e+01 -1.381e+01    0    0    0    0 NULL NULL
       0  249371     0  1.624e+01  1.000e+02 -2.384e-01     0     1     4     7     1     0   1.93217590367576583202795e-09  5.162e-01 -4.531e+02  1.226e+02 -7.970e+01    0    0    0    0 NULL NULL
       0  250120     0  2.643e+01  1.000e+02 -7.461e+00     0     1     7    12    23     0   2.96588931064036725708415e-09  4.616e-01 -4.516e+02 -1.245e+02 -4.263e+01    0    0    0    0 NULL NULL
       0  250363     0  3.026e+01  1.000e+02 -6.285e+00     0     0     9    18     3     0   1.71683987631886214493652e-09  4.924e-01  4.573e+02 -2.032e+01  6.372e+01    0    1    0    0 NULL NULL
       0  253297     0  3.086e+01  1.000e+02  5.336e+00     0     0     7     7    17     0   2.11321430196737847783901e-09  5.058e-01  4.631e+02  1.193e+02 -6.657e+01    0    0    0    0 NULL NULL
       0  253354     0  2.160e+01  1.000e+02  6.390e+00     0     0    15    24     9     0   2.28239429184441620404302e-09  4.599e-01  4.554e+02  1.590e+02  1.876e+02    0    0    0    0 NULL NULL
       0  257575     0  3.443e+01  1.000e+02 -2.098e+00     0     0     5    14    16     0   2.10215829058519527305742e-09  4.830e-01  4.575e+02 -1.221e+01 -4.730e+01    0    1    0    0 NULL NULL
       0  257738     0  3.195e+01  1.000e+02 -4.937e+00     0     0     5     8    16     1   1.88859097293550390203646e-09  4.837e-01  4.650e+02 -2.697e+01 -6.641e+01    0    0    0    0 NULL NULL
       0  258704     0  3.060e+01  1.000e+02 -2.739e+00     0     0     1     8    15     0   1.95028082161288178110024e-09  4.602e-01  4.512e+02 -2.955e+01 -1.662e+02    0    1    0    0 NULL NULL
       0  261756     0  3.523e+01  1.000e+02 -2.453e+00     0     1     4    13    19     0   2.37494063733639615161348e-09  4.949e-01 -4.521e+02  9.761e+01 -4.672e+01    0    0    0    0 NULL NULL
       0  261934     0  2.800e+01  1.000e+02  4.101e-01     0     0     0    16    24     1   2.43737157589500395958982e-09  4.812e-01  4.689e+02 -1.290e+02 -1.224e+02    0    1    0    0 NULL NULL
       0  265673     0  3.018e+01  1.000e+02 -8.173e+00     0     0     6    14    11     0   2.12928462467794150769117e-09  4.809e-01  4.576e+02  6.954e+01 -4.846e+01    0    1    0    0 NULL NULL
       0  266777     0  2.804e+01  1.000e+02 -7.751e+00     0     0     0    23     4     1   2.25992400452563315979583e-09  4.750e-01  4.693e+02 -9.783e+01 -1.163e+02    0    1    0    0 NULL NULL
       0  268496     0  4.051e+01  1.000e+02 -4.000e+00     0     0    15     5     2     0   2.16828538619430382316612e-09  4.642e-01  4.625e+02  8.712e+01  1.220e+02    0    1    0    0 NULL NULL
       0  275728     0  3.542e+01  1.000e+02 -4.758e+00     0     0     1    22    13     1   2.25179257925466482687737e-09  4.688e-01  4.698e+02 -3.614e+01 -1.094e+02    0    1    0    0 NULL NULL
       0  276128     0  2.299e+01  1.000e+02 -7.614e+00     0     0     1     4     1     1   2.61417464506390196913030e-09  4.715e-01  4.725e+02 -1.239e+01 -1.989e+02    0    1    0    0 NULL NULL
       0  278098     0  3.213e+01  1.000e+02 -1.796e+00     0     0    15     6    19     0   2.24063547961423186739577e-09  4.826e-01  4.534e+02  1.104e+02  1.323e+02    0    1    0    0 NULL NULL
       0  278778     0  2.352e+01  1.000e+02  7.086e+00     0     1    14     7    10     0   2.21560418204430459774518e-09  5.114e-01 -4.580e+02 -3.219e+01  1.288e+02    0    0    0    0 NULL NULL
       0  282392     0  2.490e+01  1.000e+02 -8.056e+00     0     0     6     2     4     1   2.75635506103980087436276e-09  5.145e-01  4.795e+02  4.701e+01 -9.682e+01    0    0    0    0 NULL NULL
       0  283586     0  3.513e+01  1.000e+02  3.230e+00     0     0     5     3    11     1   2.22932284781484565009025e-09  5.041e-01  4.713e+02 -2.658e+01 -9.129e+01    0    1    0    0 NULL NULL
       0  284901     0  3.138e+01  1.000e+02  1.752e+00     0     1     5    11    16     0   4.86242141824040068469517e-09  4.635e-01 -4.532e+02  6.001e+01 -4.545e+01    0    0    0    0 NULL NULL
       0  285997     0  2.363e+01  1.000e+02 -4.172e+00     0     0     8    18     1     0   1.94360509973459008537844e-08  4.637e-01  4.515e+02 -1.063e+02  6.355e+01    0    0    0    0 NULL NULL
       0  286795     0  2.812e+01  1.000e+02 -2.040e+00     0     1     7    14    15     0   2.05941378552920433956061e-09  4.898e-01 -4.642e+02 -1.465e+02 -4.777e+01    0    1    0    0 NULL NULL
       0  289539     0  3.088e+01  1.000e+02  9.134e+00     0     0    10    22    17     1   1.80752914472239351149296e-09  5.026e-01  4.696e+02  3.999e+01  9.400e+01    0    1    0    0 NULL NULL
       0  290708     0  2.389e+01  1.000e+02 -3.351e+00     0     1     1    11    21     0   2.73495097098177728789463e-09  4.886e-01 -4.596e+02  5.816e+01 -1.429e+02    0    1    0    0 NULL NULL
       0  291362     0  2.394e+01  1.000e+02 -1.079e-02     0     1    10    21     9     1   2.79686865057509780055037e-09  5.010e-01 -4.671e+02 -3.113e+01  8.584e+01    0    2    0    0 NULL NULL
       0  292084     0  3.472e+01  1.000e+02  1.214e+01     0     0     5    15    16     1   1.79721864080799836076098e-09  4.672e-01  4.696e+02 -7.502e+01 -2.740e+01    0    3    0    0 NULL NULL
       0  292094     0  3.217e+01  1.000e+02  2.118e-01     0     1    13    21    22     0   2.52062127120275741942262e-09  5.122e-01 -4.581e+02  5.648e+01  1.987e+02    0    1    0    0 NULL NULL
       0  293485     0  3.163e+01  1.000e+02 -4.208e-01     0     0     7     4    12     1   2.54916274856592313680845e-09  4.995e-01  4.687e+02  1.517e+02 -8.907e+01    0    0    0    0 NULL NULL
       0  293521     0  3.188e+01  1.000e+02 -9.976e+00     0     0    12     2    15     1   2.56395392529863829048475e-09  5.051e-01  4.763e+02 -1.267e+02  1.141e+02    0    1    0    0 NULL NULL
       0  293636     0  2.648e+01  1.000e+02 -3.093e+00     0     0     6    15    18     1   2.45225425850463037296219e-09  4.767e-01  4.791e+02  1.216e+01 -2.514e+01    0    1    0    0 NULL NULL
       0  297352     0  3.204e+01  1.000e+02  1.332e+00     0     0    10    14     0     0   2.08031396220787252975233e-09  4.953e-01  4.608e+02  6.586e+01  4.052e+01    0    1    0    0 NULL NULL
       0  297679     0  3.128e+01  1.000e+02 -1.841e+00     0     0     8    16     3     1   2.06573640104207183010540e-09  4.952e-01  4.707e+02 -1.320e+02  6.305e+01    0    0    0    0 NULL NULL
       0  301489     0  3.210e+01  1.000e+02 -1.201e+00     0     0    15     5    15     1   2.03717486150942020383659e-09  4.612e-01  4.665e+02  8.282e+01  1.351e+02    0    0    0    0 NULL NULL
       0  302520     0  2.853e+01  1.000e+02 -4.691e+00     0     0     3     6    13     1   1.81520110352711119805556e-09  4.957e-01  4.723e+02  1.077e+02 -1.695e+02    0    1    0    0 NULL NULL
       0  304622     0  2.626e+01  1.000e+02 -2.264e+00     0     1     7     0     6     0   2.09550488125426706950158e-09  4.855e-01 -4.598e+02 -8.448e+01 -9.577e+01    0    1    0    0 NULL NULL
       0  304657     0  2.913e+01  1.000e+02  3.167e-01     0     0     6    17    23     0   2.17598440416406186581340e-09  4.620e-01  4.644e+02  4.379e+01 -2.245e+01    0    2    0    0 NULL NULL
       0  308827     0  2.900e+01  1.000e+02  4.399e+00     0     1     9    19    10     1   2.19147729802056416906611e-09  4.749e-01 -4.687e+02  1.543e+01  6.905e+01    0    1    0    0 NULL NULL
       0  312000     0  2.419e+01  1.000e+02 -3.414e+00     0     0     8     7     3     0   1.96647056466833952179320e-09  5.151e-01  4.632e+02 -1.169e+02  2.195e+01    0    1    0    0 NULL NULL
                                                                                                                                                                                                                                                                                                                                                                                                                                                                                                                                                                                                                  